1 1699927 000000
2 2328783 000000
3 2609392 000000
4 3794572 000000
5 7257528 000000
6 10359803 000000
7 10976114 000000
8 11406224 000000
9 12344362 000000
10 13310436 000000
11 14240591 000000
12 14615851 000000
13 14679006 000000
14 15603186 000000
15 18195375 000000
16 18512360 000000
17 19413548 000000
18 22065197 000000
19 23022835 000000
20 23247316 000000
21 24195722 000000
22 24213637 000000
23 25051110 000000
24 26263951 000000
25 28321017 000000
26 28970114 000000
27 31102293 000000
28 31857760 000000
29 32133610 000000
30 32934052 000000
31 36197199 000000
32 38979252 000000
33 39863043 000000
34 40186171 000000
35 40880242 000000
36 43439794 000000
37 47126744 000000
38 47815599 000000
39 50290987 000000
40 50494082 000000
41 51915667 000000
42 52845394 000000
43 55152955 000000
44 55374119 000000
45 55903046 000000
46 58999968 000000
47 59857260 000000
48 61884618 000000
49 62849661 000000
50 62926904 000000
51 66126918 000000
52 66846455 000000
53 68039186 000000
54 68314840 000000
55 68818947 000000
56 68824551 000000
57 70324202 000000
58 71012253 000000
59 72347823 000000
60 73882845 000000
61 74762903 000000
62 75194423 000000
63 77396019 000000
64 77452706 000000
65 78870272 000000
66 82707554 000000
67 83606089 000000
68 84352811 000000
69 86712103 000000
70 88871311 000000
71 88956882 000000
72 89366156 000000
73 89635708 000000
74 92704205 000000
75 93116365 000000
76 93385841 000000
77 94830672 000000
78 95344717 000000
79 96656675 000000
80 98048286 000000
81 98096446 000000
82 98289246 000000
83 101854409 000000
84 101882270 000000
85 102655430 000000
86 103868832 000000
87 104702673 000000
88 105780631 000000
89 109612851 000000
90 109663595 000000
91 110506053 000000
92 113067613 000000
93 114351848 000000
94 115000468 000000
95 117564906 000000
96 118522740 000000
97 119796366 000000
98 119928923 000000
99 120567604 000000
100 121329537 000000
101 124325780 000000
102 128539691 000000
103 129035353 000000
104 130909974 000000
105 131852641 000000
106 133946936 000000
107 134035837 000000
108 134311041 000000
109 137861975 000000
110 140967587 000000
111 150939670 000000
112 152931312 000000
113 154064796 000000
114 154679244 000000
115 155383236 000000
116 155909931 000000
117 156172581 000000
118 160281269 000000
119 161150600 000000
120 163271495 000000
121 163593660 000000
122 164761695 000000
123 166738052 000000
124 167131593 000000
125 169658538 000000
126 170168490 000000
127 170168539 000000
128 170964443 000000
129 172330850 000000
130 176188953 000000
131 177529667 000000
132 177642123 000000
133 178904293 000000
134 180462342 000000
135 181013209 000000
136 183066918 000000
137 184688988 000000
138 185033883 000000
139 185696445 000000
140 186120642 000000
141 187766731 000000
142 188381461 000000
143 188634542 000000
144 188694190 000000
145 188805766 000000
146 190270224 000000
147 191856818 000000
148 192303692 000000
149 192328741 000000
150 194140071 000000
151 194733124 000000
152 195668416 000000
153 196810056 000000
154 197715375 000000
155 197876080 000000
156 198986522 000000
157 199930901 000000
158 201374089 000000
159 201452772 000000
160 202312432 000000
161 203051050 000000
162 204186521 000000
163 206298994 000000
164 206522649 000000
165 206794885 000000
166 208033404 000000
167 210699786 000000
168 212123298 000000
169 212881197 000000
170 214582141 000000
171 215104807 000000
172 215603293 000000
173 217292397 000000
174 219800703 000000
175 221519865 000000
176 221928344 000000
177 223561502 000000
178 225721376 000000
179 225981001 000000
180 226039294 000000
181 227607323 000000
182 228354628 000000
183 229122732 000000
184 229803935 000000
185 233837333 000000
186 237978565 000000
187 238662614 000000
188 239874678 000000
189 242466071 000000
190 243972029 000000
191 246070573 000000
192 250173225 000000
193 252258943 000000
194 252636307 000000
195 252722183 000000
196 254105131 000000
197 254876069 000000
198 255145528 000000
199 255151178 000000
200 255702048 000000
201 258081204 000000
202 258730937 000000
203 258996345 000000
204 259230601 000000
205 261532905 000000
206 265493118 000000
207 266596613 000000
208 267145999 000000
209 269546814 000000
210 270640619 000000
211 271183793 000000
212 272411268 000000
213 274602224 000000
214 274736248 000000
215 276420717 000000
216 277088243 000000
217 277767744 000000
218 280394188 000000
219 281216713 000000
220 282648915 000000
221 284890107 000000
222 285058049 000000
223 285411349 000000
224 285855110 000000
225 285933319 000000
226 288563984 000000
227 289372339 000000
228 290359080 000000
229 291485485 000000
230 292026477 000000
231 292093944 000000
232 292697739 000000
233 292786736 000000
234 294095682 000000
235 294958615 000000
236 295507409 000000
237 298683261 000000
238 302712292 000000
239 302795907 000000
240 302962227 000000
241 303788138 000000
242 304690295 000000
243 305525821 000000
244 306375858 000000
245 306580922 000000
246 307180195 000000
247 307681466 000000
248 307783605 000000
249 309016369 000000
250 309238904 000000
251 310733594 000000
252 312052635 000000
253 312092389 000000
254 314300216 000000
255 315194784 000000
256 315276574 000000
257 315515720 000000
258 315797855 000000
259 316758654 000000
260 320887688 000000
261 321267649 000000
262 323993475 000000
263 324761209 000000
264 325861907 000000
265 325885529 000000
266 330045599 000000
267 330600507 000000
268 332675436 000000
269 332883613 000000
270 333534290 000000
271 333630267 000000
272 336857808 000000
273 337734809 000000
274 339419116 000000
275 340212808 000000
276 340625460 000000
277 341245614 000000
278 343068891 000000
279 344263501 000000
280 345912538 000000
281 346604828 000000
282 346843934 000000
283 348451058 000000
284 348891419 000000
285 349666959 000000
286 351028990 000000
287 351645597 000000
288 355533493 000000
289 356177374 000000
290 358083001 000000
291 359539589 000000
292 362452410 000000
293 363282084 000000
294 363303450 000000
295 364647516 000000
296 364674089 000000
297 365559173 000000
298 366468268 000000
299 368129827 000000
300 369441264 000000
301 369684126 000000
302 369835469 000000
303 370272125 000000
304 370932672 000000
305 370944916 000000
306 371880745 000000
307 371966738 000000
308 372023003 000000
309 372556305 000000
310 374572786 000000
311 374968482 000000
312 375548496 000000
313 375806469 000000
314 377011239 000000
315 377348345 000000
316 377614518 000000
317 378035768 000000
318 378161036 000000
319 379991729 000000
320 380007335 000000
321 380476117 000000
322 382380457 000000
323 384234949 000000
324 384336503 000000
325 384348658 000000
326 384458421 000000
327 385278138 000000
328 386524295 000000
329 389359006 000000
330 390026921 000000
331 391699660 000000
332 391736386 000000
333 393338420 000000
334 393939285 000000
335 394537563 000000
336 394627343 000000
337 395553646 000000
338 395604444 000000
339 395662964 000000
340 396213594 000000
341 396341798 000000
342 397183703 000000
343 397337366 000000
344 398445521 000000
345 399182380 000000
346 399243113 000000
347 399946968 000000
348 400106925 000000
349 403777775 000000
350 404786401 000000
351 405545234 000000
352 407357506 000000
353 414517397 000000
354 415280287 000000
355 415669992 000000
356 417694737 000000
357 418067149 000000
358 419960833 000000
359 420277201 000000
360 421952672 000000
361 423447166 000000
362 430096446 000000
363 432281034 000000
364 434202299 000000
365 435931589 000000
366 436460326 000000
367 439417703 000000
368 440198815 000000
369 440718372 000000
370 442525946 000000
371 447949076 000000
372 448540817 000000
373 448776308 000000
374 455046046 000000
375 455508718 000000
376 455669051 000000
377 456673622 000000
378 458828498 000000
379 462211099 000000
380 462580944 000000
381 466612241 000000
382 467292609 000000
383 467661217 000000
384 468651060 000000
385 476885713 000000
386 478356840 000000
387 478546567 000000
388 479362722 000000
389 479641821 000000
390 480386163 000000
391 480961608 000000
392 483432884 000000
393 484752708 000000
394 485684818 000000
395 488598306 000000
396 490628424 000000
397 491363859 000000
398 491455077 000000
399 493876538 000000
400 494135054 000000
401 494436974 000000
402 495434409 000000
403 496278424 000000
404 496502144 000000
405 498573688 000000
406 498741135 000000
407 500608979 000000
408 501330751 000000
409 501567363 000000
410 503244605 000000
411 504050098 000000
412 507661021 000000
413 508234558 000000
414 508545247 000000
415 510425923 000000
416 511619430 000000
417 512375152 000000
418 513070727 000000
419 513876732 000000
420 515692608 000000
421 516116582 000000
422 516536022 000000
423 516739671 000000
424 517562500 000000
425 518218606 000000
426 518789713 000000
427 519708276 000000
428 522254865 000000
429 522287034 000000
430 522752422 000000
431 522810001 000000
432 523159385 000000
433 523316786 000000
434 523423140 000000
435 524225760 000000
436 524488328 000000
437 525293170 000000
438 525427695 000000
439 527576407 000000
440 529491010 000000
441 533301744 000000
442 534043721 000000
443 534533051 000000
444 535132790 000000
445 535529808 000000
446 538396128 000000
447 538730744 000000
448 538815687 000000
449 539387452 000000
450 539986559 000000
451 540846155 000000
452 543186389 000000
453 544256051 000000
454 544339445 000000
455 545112220 000000
456 546630197 000000
457 547272512 000000
458 547369103 000000
459 548202274 000000
460 548359098 000000
461 548663467 000000
462 548808196 000000
463 549546414 000000
464 552578618 000000
465 552598252 000000
466 554338324 000000
467 555545595 000000
468 557015255 000000
469 557750557 000000
470 558616891 000000
471 559724510 000000
472 564853191 000000
473 566008757 000000
474 566128335 000000
475 566559386 000000
476 567416817 000000
477 567826808 000000
478 568021217 000000
479 570181588 000000
480 571760650 000000
481 572118466 000000
482 573134663 000000
483 576440838 000000
484 577180798 000000
485 577553758 000000
486 579714782 000000
487 580168017 000000
488 581538597 000000
489 582011180 000000
490 582110352 000000
491 582283649 000000
492 584822510 000000
493 587432287 000000
494 589042701 000000
495 589446443 000000
496 590397140 000000
497 590729238 000000
498 591157193 000000
499 591855803 000000
500 592117657 000000
501 593722842 000000
502 595371222 000000
503 597387190 000000
504 597534179 000000
505 598849672 000000
506 599010344 000000
507 601236409 000000
508 601423494 000000
509 603612612 000000
510 605034711 000000
511 605482882 000000
512 605964365 000000
513 606897869 000000
514 607596685 000000
515 608823972 000000
516 610865894 000000
517 613716027 000000
518 617341454 000000
519 617878727 000000
520 617922894 000000
521 618608423 000000
522 618915218 000000
523 620052184 000000
524 620393470 000000
525 620872593 000000
526 621290216 000000
527 622439951 000000
528 623354647 000000
529 623523098 000000
530 624308245 000000
531 624606285 000000
532 624615860 000000
533 627213906 000000
534 628467108 000000
535 628589868 000000
536 628676733 000000
537 630663944 000000
538 630983074 000000
539 632276052 000000
540 634056600 000000
541 634138580 000000
542 634385505 000000
543 634433985 000000
544 634543451 000000
545 636242082 000000
546 636353518 000000
547 637363138 000000
548 638324932 000000
549 639749751 000000
550 643032862 000000
551 643162995 000000
552 644765288 000000
553 645398945 000000
554 646025523 000000
555 646652688 000000
556 648568190 000000
557 651629582 000000
558 654056141 000000
559 655705470 000000
560 656067272 000000
561 656215783 000000
562 656899990 000000
563 658547588 000000
564 659972850 000000
565 659993586 000000
566 661117277 000000
567 663868806 000000
568 664869289 000000
569 664998014 000000
570 665628673 000000
571 666286790 000000
572 667315292 000000
573 668973900 000000
574 669165859 000000
575 671092081 000000
576 671995675 000000
577 672504058 000000
578 673433181 000000
579 675486476 000000
580 675974789 000000
581 676205068 000000
582 678078370 000000
583 678794626 000000
584 680177906 000000
585 680292739 000000
586 680523562 000000
587 680622016 000000
588 681847996 000000
589 681993102 000000
590 682827771 000000
591 684124583 000000
592 684771854 000000
593 685590877 000000
594 689285335 000000
595 691436095 000000
596 693518935 000000
597 695963107 000000
598 696383489 000000
599 698043051 000000
600 699033622 000000
601 699099189 000000
602 699636022 000000
603 703064853 000000
604 703873194 000000
605 705572709 000000
606 707260875 000000
607 707583440 000000
608 708507188 000000
609 708880866 000000
610 714396507 000000
611 714457639 000000
612 720698877 000000
613 722079725 000000
614 722671567 000000
615 723036027 000000
616 724918601 000000
617 726591611 000000
618 726949557 000000
619 727369903 000000
620 729029141 000000
621 729610251 000000
622 729685005 000000
623 730921337 000000
624 736600861 000000
625 737021910 000000
626 740129945 000000
627 741187227 000000
628 747289832 000000
629 747598823 000000
630 747620565 000000
631 749653524 000000
632 749882989 000000
633 750614145 000000
634 750813489 000000
635 755635672 000000
636 756623557 000000
637 756936403 000000
638 758992616 000000
639 759013535 000000
640 760092544 000000
641 761693404 000000
642 764824867 000000
643 765041458 000000
644 765247328 000000
645 766041662 000000
646 766604417 000000
647 776360131 000000
648 776692368 000000
649 777138908 000000
650 778172904 000000
651 780113367 000000
652 780996365 000000
653 783334423 000000
654 783878568 000000
655 784341318 000000
656 784892820 000000
657 786205752 000000
658 789589760 000000
659 790419010 000000
660 790860223 000000
661 791417735 000000
662 792308723 000000
663 793218028 000000
664 794060521 000000
665 794064379 000000
666 794635994 000000
667 796067986 000000
668 796846946 000000
669 798097318 000000
670 798354391 000000
671 798799351 000000
672 799048919 000000
673 800740850 000000
674 801847355 000000
675 801900634 000000
676 802967465 000000
677 805344017 000000
678 806665453 000000
679 807669374 000000
680 809838386 000000
681 811072056 000000
682 813227107 000000
683 814443714 000000
684 818631006 000000
685 823938419 000000
686 824186369 000000
687 824397895 000000
688 825062098 000000
689 829619679 000000
690 831636605 000000
691 833799906 000000
692 834182703 000000
693 834445543 000000
694 835139467 000000
695 836243276 000000
696 837039490 000000
697 839436365 000000
698 840152422 000000
699 840503034 000000
700 841331985 000000
701 842154329 000000
702 842367752 000000
703 842400795 000000
704 842671038 000000
705 843092978 000000
706 844602938 000000
707 845327281 000000
708 848477305 000000
709 850101156 000000
710 852033148 000000
711 852101793 000000
712 854141006 000000
713 854457661 000000
714 854823698 000000
715 855482989 000000
716 855556743 000000
717 856350774 000000
718 856563119 000000
719 858973734 000000
720 863220256 000000
721 863291427 000000
722 863857206 000000
723 864417267 000000
724 864496420 000000
725 864707489 000000
726 865371672 000000
727 866047252 000000
728 866425674 000000
729 867611161 000000
730 868556770 000000
731 870278075 000000
732 871341355 000000
733 872138652 000000
734 872735221 000000
735 872742714 000000
736 873441986 000000
737 873608782 000000
738 875922424 000000
739 876337535 000000
740 877645606 000000
741 878464036 000000
742 879184316 000000
743 879709421 000000
744 880742581 000000
745 881209574 000000
746 883632133 000000
747 886854019 000000
748 887382067 000000
749 890150527 000000
750 891479693 000000
751 894473200 000000
752 894763539 000000
753 894884241 000000
754 895153757 000000
755 895984516 000000
756 897943672 000000
757 898937374 000000
758 899576773 000000
759 899659157 000000
760 901013293 000000
761 902442502 000000
762 903948833 000000
763 904617585 000000
764 905652799 000000
765 906516860 000000
766 906634624 000000
767 906812489 000000
768 907012828 000000
769 908356361 000000
770 916835563 000000
771 917903731 000000
772 918235532 000000
773 918646921 000000
774 918900066 000000
775 919124254 000000
776 920711707 000000
777 921004692 000000
778 923817890 000000
779 926258266 000000
780 927047423 000000
781 928267793 000000
782 928513285 000000
783 928764181 000000
784 929076549 000000
785 929106207 000000
786 930294743 000000
787 931104805 000000
788 932321313 000000
789 933313669 000000
790 935105579 000000
791 936236654 000000
792 936255005 000000
793 937151841 000000
794 938839738 000000
795 940062871 000000
796 940425994 000000
797 941113726 000000
798 941993785 000000
799 942285771 000000
800 942811741 000000
801 944657824 000000
802 946229598 000000
803 946892833 000000
804 947326296 000000
805 948354092 000000
806 948548966 000000
807 948825339 000000
808 949880272 000000
809 950668884 000000
810 951562852 000000
811 951988581 000000
812 952743527 000000
813 953295307 000000
814 953479435 000000
815 954694638 000000
816 955041343 000000
817 955044047 000000
818 955068708 000000
819 956221506 000000
820 958851116 000000
821 961436368 000000
822 961484966 000000
823 961619368 000000
824 962405681 000000
825 963273199 000000
826 966057191 000000
827 966711574 000000
828 967932273 000000
829 967935182 000000
830 968477397 000000
831 969097039 000000
832 971994774 000000
833 973471465 000000
834 974909679 000000
835 975588151 000000
836 976938071 000000
837 979525457 000000
838 979849550 000000
839 980134383 000000
840 980220845 000000
841 983565861 000000
842 984116355 000000
843 985141565 000000
844 989245525 000000
845 989430475 000000
846 990628971 000000
847 991500614 000000
848 991880222 000000
849 995372837 000000
