1 255945 111111
2 2645268 111111
3 3218870 111111
4 4657555 111111
5 5130874 111111
6 5425806 111111
7 5961931 111111
8 6653783 111111
9 9036112 111111
10 11867965 111111
11 13249047 111111
12 13255651 111111
13 15684440 111111
14 18548887 111111
15 20316848 111111
16 22107705 111111
17 22564362 111111
18 23503699 111111
19 28388441 111111
20 28580580 111111
21 29435972 111111
22 30584158 111111
23 31678241 111111
24 33144017 111111
25 33417921 111111
26 33629979 111111
27 34729779 111111
28 38786946 111111
29 39050809 111111
30 40246083 111111
31 42408103 111111
32 42667662 111111
33 43547710 111111
34 43778982 111111
35 44281106 111111
36 52094880 111111
37 53905274 111111
38 56648560 111111
39 56815839 111111
40 56867565 111111
41 57250856 111111
42 59068166 111111
43 59082381 111111
44 59471234 111111
45 60833389 111111
46 61645022 111111
47 62465960 111111
48 63614927 111111
49 64609577 111111
50 66608880 111111
51 66689336 111111
52 67274511 111111
53 67284678 111111
54 68094756 111111
55 68106855 111111
56 68924022 111111
57 70787432 111111
58 71888894 111111
59 76342858 111111
60 78295620 111111
61 78322153 111111
62 79713069 111111
63 80452947 111111
64 80673021 111111
65 81203721 111111
66 82827478 111111
67 85516222 111111
68 86151061 111111
69 87389489 111111
70 87718737 111111
71 88847287 111111
72 89641427 111111
73 91147736 111111
74 92762357 111111
75 93088889 111111
76 93233175 111111
77 93917407 111111
78 99415617 111111
79 99437190 111111
80 101814259 111111
81 102659994 111111
82 103889835 111111
83 104825230 111111
84 108943852 111111
85 109035013 111111
86 110674132 111111
87 111334119 111111
88 111369664 111111
89 111761150 111111
90 111791290 111111
91 111827756 111111
92 112487669 111111
93 112702803 111111
94 112722135 111111
95 114319288 111111
96 115749052 111111
97 116916466 111111
98 117537605 111111
99 118862600 111111
100 119673068 111111
101 121706250 111111
102 122855086 111111
103 123361679 111111
104 124494302 111111
105 124911314 111111
106 125161830 111111
107 127514008 111111
108 129078852 111111
109 129129040 111111
110 130810586 111111
111 131323060 111111
112 131710973 111111
113 135790249 111111
114 135983664 111111
115 137611420 111111
116 139729817 111111
117 140445639 111111
118 140652575 111111
119 141770392 111111
120 141992430 111111
121 142003058 111111
122 144221127 111111
123 144907200 111111
124 146816591 111111
125 146890388 111111
126 147993455 111111
127 148376393 111111
128 148717667 111111
129 150285349 111111
130 150473543 111111
131 153913601 111111
132 154189612 111111
133 155326603 111111
134 158042716 111111
135 159090113 111111
136 160307910 111111
137 161725718 111111
138 162499486 111111
139 163419856 111111
140 163472325 111111
141 166426278 111111
142 167437171 111111
143 169656440 111111
144 171042873 111111
145 172972467 111111
146 173654836 111111
147 173895509 111111
148 174624972 111111
149 174790017 111111
150 179524595 111111
151 180172285 111111
152 180650575 111111
153 180779789 111111
154 182370540 111111
155 182658205 111111
156 183789037 111111
157 184618547 111111
158 185899329 111111
159 185994523 111111
160 186210137 111111
161 188547965 111111
162 189426204 111111
163 189521983 111111
164 193059932 111111
165 193585230 111111
166 195963154 111111
167 197757791 111111
168 197879989 111111
169 198177669 111111
170 199198557 111111
171 199394968 111111
172 199435647 111111
173 199930693 111111
174 199966564 111111
175 200606607 111111
176 202289185 111111
177 204082017 111111
178 205664323 111111
179 205814516 111111
180 206835694 111111
181 207399789 111111
182 207549649 111111
183 208378604 111111
184 208466635 111111
185 210312746 111111
186 210997126 111111
187 211363744 111111
188 212245506 111111
189 213185513 111111
190 213500465 111111
191 213777729 111111
192 215276130 111111
193 215672704 111111
194 216762418 111111
195 217070361 111111
196 218538329 111111
197 219484427 111111
198 220073978 111111
199 222066541 111111
200 223107926 111111
201 223197556 111111
202 223520094 111111
203 224633257 111111
204 224817249 111111
205 225158776 111111
206 225372249 111111
207 226673621 111111
208 229189953 111111
209 229440183 111111
210 229822937 111111
211 230641871 111111
212 231018974 111111
213 231658952 111111
214 234174124 111111
215 238872241 111111
216 239159963 111111
217 239842507 111111
218 239880725 111111
219 240543276 111111
220 241245024 111111
221 241659117 111111
222 243220363 111111
223 243338585 111111
224 248099606 111111
225 248375611 111111
226 248788511 111111
227 249084446 111111
228 252014638 111111
229 252966449 111111
230 258407200 111111
231 259711870 111111
232 260737746 111111
233 261863774 111111
234 263493414 111111
235 263651577 111111
236 263657860 111111
237 266145300 111111
238 266563243 111111
239 267225990 111111
240 267345347 111111
241 267455595 111111
242 267648668 111111
243 268003063 111111
244 268006520 111111
245 268774187 111111
246 271133403 111111
247 271517231 111111
248 271942929 111111
249 272197327 111111
250 273575394 111111
251 274126309 111111
252 275806245 111111
253 276142351 111111
254 276760206 111111
255 277206270 111111
256 277694163 111111
257 280540584 111111
258 280583142 111111
259 280771653 111111
260 280805535 111111
261 281655006 111111
262 284133459 111111
263 284671392 111111
264 284890266 111111
265 288253045 111111
266 288431042 111111
267 289241800 111111
268 289658528 111111
269 291718297 111111
270 292952474 111111
271 294128941 111111
272 295936934 111111
273 296703702 111111
274 297632831 111111
275 298874848 111111
276 298967904 111111
277 300491408 111111
278 301288438 111111
279 301731466 111111
280 304005460 111111
281 304515329 111111
282 305027797 111111
283 305240485 111111
284 308082864 111111
285 310086752 111111
286 310689361 111111
287 311276434 111111
288 312885708 111111
289 314086405 111111
290 314495907 111111
291 315115724 111111
292 316537899 111111
293 321299503 111111
294 323762030 111111
295 325874406 111111
296 326628336 111111
297 326775607 111111
298 327181199 111111
299 327459640 111111
300 329626887 111111
301 329868474 111111
302 330017455 111111
303 331254437 111111
304 334826225 111111
305 335023540 111111
306 335262016 111111
307 335971244 111111
308 336763297 111111
309 338268581 111111
310 339220815 111111
311 342272998 111111
312 343544945 111111
313 345454510 111111
314 346826512 111111
315 347846083 111111
316 350513347 111111
317 353286903 111111
318 353431505 111111
319 353709518 111111
320 354224442 111111
321 354357509 111111
322 356043028 111111
323 356856852 111111
324 357332240 111111
325 357946560 111111
326 360676832 111111
327 360984234 111111
328 361291303 111111
329 362890696 111111
330 363648357 111111
331 365043782 111111
332 365260145 111111
333 368351055 111111
334 371641302 111111
335 371684639 111111
336 372216952 111111
337 372220860 111111
338 372612383 111111
339 374846404 111111
340 375173392 111111
341 375683462 111111
342 376408908 111111
343 377050039 111111
344 377821263 111111
345 377822229 111111
346 380742077 111111
347 382489281 111111
348 383237128 111111
349 383721902 111111
350 383888378 111111
351 384486622 111111
352 386758216 111111
353 388920736 111111
354 390441189 111111
355 392716075 111111
356 394080834 111111
357 394396203 111111
358 395157474 111111
359 396606205 111111
360 396804323 111111
361 399792371 111111
362 400642950 111111
363 403637283 111111
364 405366668 111111
365 407336457 111111
366 407614647 111111
367 408076872 111111
368 408499620 111111
369 411216574 111111
370 412501438 111111
371 413314937 111111
372 413420194 111111
373 414095965 111111
374 415106135 111111
375 415314990 111111
376 415557559 111111
377 418928869 111111
378 419640918 111111
379 420382301 111111
380 424354537 111111
381 425374153 111111
382 425940143 111111
383 426886666 111111
384 427318820 111111
385 428469972 111111
386 430969697 111111
387 431150153 111111
388 431197476 111111
389 435374902 111111
390 436621027 111111
391 437068468 111111
392 437118530 111111
393 437531905 111111
394 438022674 111111
395 441889265 111111
396 441920055 111111
397 442348109 111111
398 446676274 111111
399 447508795 111111
400 450576386 111111
401 451544391 111111
402 452257222 111111
403 454060451 111111
404 454745954 111111
405 457963611 111111
406 458517575 111111
407 463116495 111111
408 464128816 111111
409 465216171 111111
410 465343450 111111
411 465542292 111111
412 465878313 111111
413 467383283 111111
414 468620117 111111
415 469712047 111111
416 470580227 111111
417 470748793 111111
418 472887054 111111
419 473048194 111111
420 473291463 111111
421 473399483 111111
422 474730340 111111
423 479586791 111111
424 482329375 111111
425 483973475 111111
426 484205240 111111
427 489903877 111111
428 490438919 111111
429 491265125 111111
430 492032151 111111
431 492214665 111111
432 492221395 111111
433 492389742 111111
434 493076571 111111
435 495436633 111111
436 496673450 111111
437 497161153 111111
438 499556079 111111
439 500605327 111111
440 500798993 111111
441 503136230 111111
442 505683843 111111
443 506825165 111111
444 507667592 111111
445 508103609 111111
446 512914047 111111
447 515428929 111111
448 517775180 111111
449 518307482 111111
450 518571924 111111
451 518684547 111111
452 518723249 111111
453 519116683 111111
454 519159460 111111
455 520600961 111111
456 520988946 111111
457 521353964 111111
458 521906112 111111
459 523115820 111111
460 523751312 111111
461 525431733 111111
462 525951242 111111
463 527274411 111111
464 527903956 111111
465 528805572 111111
466 529862928 111111
467 530996648 111111
468 532323639 111111
469 532582360 111111
470 536953601 111111
471 539533582 111111
472 539673358 111111
473 542925814 111111
474 543705259 111111
475 544008743 111111
476 544894576 111111
477 547067286 111111
478 547424918 111111
479 548311081 111111
480 549445459 111111
481 551046147 111111
482 551442106 111111
483 553538139 111111
484 553975551 111111
485 554779328 111111
486 556037008 111111
487 556164824 111111
488 556637629 111111
489 560885897 111111
490 562410072 111111
491 562902273 111111
492 565227259 111111
493 566209796 111111
494 566668310 111111
495 566957774 111111
496 568630803 111111
497 569550327 111111
498 569579467 111111
499 570598694 111111
500 571982503 111111
501 572833415 111111
502 572958923 111111
503 574827776 111111
504 575187886 111111
505 576731307 111111
506 577239881 111111
507 577273410 111111
508 577474803 111111
509 578471163 111111
510 578769130 111111
511 578924291 111111
512 579188200 111111
513 579196187 111111
514 580130243 111111
515 580391421 111111
516 581772612 111111
517 583457110 111111
518 584400521 111111
519 587069191 111111
520 587292065 111111
521 587537767 111111
522 588637317 111111
523 591277939 111111
524 593626404 111111
525 594959582 111111
526 595484257 111111
527 596081464 111111
528 596224787 111111
529 596975084 111111
530 597325716 111111
531 597412974 111111
532 597959523 111111
533 598177768 111111
534 600487973 111111
535 602049842 111111
536 603005899 111111
537 603467100 111111
538 603529505 111111
539 604513510 111111
540 606485331 111111
541 606793294 111111
542 607522057 111111
543 608897447 111111
544 609673776 111111
545 610533550 111111
546 612163856 111111
547 612819325 111111
548 613601963 111111
549 613810099 111111
550 615503375 111111
551 618007616 111111
552 618148704 111111
553 618364571 111111
554 622233556 111111
555 622275718 111111
556 622480829 111111
557 622765505 111111
558 622940038 111111
559 623491008 111111
560 623692760 111111
561 627849436 111111
562 628246754 111111
563 629568256 111111
564 633788015 111111
565 634778399 111111
566 635610443 111111
567 639048782 111111
568 641034757 111111
569 641128434 111111
570 641805281 111111
571 643030760 111111
572 643338945 111111
573 643931351 111111
574 644640790 111111
575 646675695 111111
576 648834804 111111
577 649491151 111111
578 650563058 111111
579 651514601 111111
580 652202281 111111
581 653443298 111111
582 653509585 111111
583 655368757 111111
584 657255039 111111
585 659914513 111111
586 662697071 111111
587 669205697 111111
588 670568923 111111
589 670938497 111111
590 672130958 111111
591 672398231 111111
592 675376978 111111
593 675686952 111111
594 676959987 111111
595 677416265 111111
596 678429164 111111
597 678607171 111111
598 679155121 111111
599 682715251 111111
600 684626323 111111
601 684712908 111111
602 685531492 111111
603 686062240 111111
604 686199908 111111
605 688038468 111111
606 688388969 111111
607 689543541 111111
608 689768221 111111
609 689786340 111111
610 694072873 111111
611 694538328 111111
612 697452855 111111
613 697849442 111111
614 698943201 111111
615 700379030 111111
616 700438522 111111
617 702089884 111111
618 702810086 111111
619 704464967 111111
620 706965586 111111
621 708359279 111111
622 708600957 111111
623 709122548 111111
624 709316225 111111
625 709513102 111111
626 713986753 111111
627 715140970 111111
628 717728155 111111
629 717985184 111111
630 718534260 111111
631 718876045 111111
632 719843955 111111
633 721522877 111111
634 722999822 111111
635 723470899 111111
636 723751454 111111
637 724089810 111111
638 724531069 111111
639 724943890 111111
640 725899462 111111
641 729897292 111111
642 731553609 111111
643 732238646 111111
644 732536147 111111
645 733200512 111111
646 733960850 111111
647 736251636 111111
648 737027622 111111
649 738120281 111111
650 738459344 111111
651 738665157 111111
652 738755195 111111
653 739287724 111111
654 739357998 111111
655 739547220 111111
656 740505973 111111
657 740523277 111111
658 741046660 111111
659 742702800 111111
660 743093915 111111
661 745408813 111111
662 748998080 111111
663 749154989 111111
664 749664319 111111
665 751804013 111111
666 752184619 111111
667 752492794 111111
668 752841243 111111
669 753343401 111111
670 756122121 111111
671 756271052 111111
672 758937681 111111
673 760185656 111111
674 763719501 111111
675 763915619 111111
676 764580042 111111
677 767748885 111111
678 769013339 111111
679 769874450 111111
680 771295502 111111
681 773179909 111111
682 774410941 111111
683 777986560 111111
684 779191415 111111
685 779727418 111111
686 780947417 111111
687 781738177 111111
688 781750646 111111
689 782599957 111111
690 783023773 111111
691 785595466 111111
692 785792607 111111
693 785892111 111111
694 786337331 111111
695 786676282 111111
696 790509700 111111
697 790671953 111111
698 792396960 111111
699 792955833 111111
700 794644126 111111
701 795455055 111111
702 797379571 111111
703 798367349 111111
704 798390661 111111
705 799880083 111111
706 800038969 111111
707 800462229 111111
708 801170503 111111
709 801497468 111111
710 801775131 111111
711 805402385 111111
712 806699337 111111
713 806767383 111111
714 809172583 111111
715 809381079 111111
716 810070840 111111
717 810865056 111111
718 811486956 111111
719 812432526 111111
720 817919005 111111
721 822237676 111111
722 822463747 111111
723 823672964 111111
724 824242826 111111
725 826201253 111111
726 827956545 111111
727 832206415 111111
728 833678843 111111
729 833751650 111111
730 835811854 111111
731 836196614 111111
732 836381877 111111
733 839058676 111111
734 839424999 111111
735 839707775 111111
736 842530673 111111
737 843631295 111111
738 845299187 111111
739 850430149 111111
740 850656785 111111
741 851197447 111111
742 851966143 111111
743 852860091 111111
744 856046027 111111
745 856046576 111111
746 856625397 111111
747 859550281 111111
748 861520995 111111
749 864389482 111111
750 864996247 111111
751 865838374 111111
752 869600170 111111
753 870529646 111111
754 871369339 111111
755 871804393 111111
756 873821887 111111
757 873994978 111111
758 874980604 111111
759 875611053 111111
760 878197470 111111
761 879049049 111111
762 879479533 111111
763 879941877 111111
764 880890957 111111
765 883812040 111111
766 884479805 111111
767 886276035 111111
768 886474509 111111
769 887714837 111111
770 887763254 111111
771 889823594 111111
772 889872706 111111
773 890836085 111111
774 892205810 111111
775 894004024 111111
776 894922294 111111
777 895049733 111111
778 897410818 111111
779 897916071 111111
780 897991660 111111
781 899674489 111111
782 901715844 111111
783 904188428 111111
784 904362968 111111
785 904665757 111111
786 905268766 111111
787 905808080 111111
788 906027702 111111
789 906391543 111111
790 907122265 111111
791 908874884 111111
792 909424293 111111
793 912006144 111111
794 912080011 111111
795 912209186 111111
796 912482402 111111
797 913776387 111111
798 914490871 111111
799 915444091 111111
800 916518446 111111
801 916715481 111111
802 916732620 111111
803 917544653 111111
804 918519952 111111
805 921210178 111111
806 922565012 111111
807 923529139 111111
808 925062254 111111
809 925736176 111111
810 926745450 111111
811 927457541 111111
812 929878376 111111
813 930407455 111111
814 930744310 111111
815 931383480 111111
816 932248393 111111
817 932787292 111111
818 933392279 111111
819 934682161 111111
820 942569910 111111
821 945567877 111111
822 945625304 111111
823 945803692 111111
824 946650816 111111
825 946886890 111111
826 947255344 111111
827 947294635 111111
828 947301342 111111
829 949359486 111111
830 950164313 111111
831 950517482 111111
832 951791405 111111
833 952293192 111111
834 952772378 111111
835 952829931 111111
836 953084502 111111
837 953571553 111111
838 957267419 111111
839 958408265 111111
840 961264078 111111
841 961317002 111111
842 961805282 111111
843 961954414 111111
844 962944056 111111
845 966390230 111111
846 966629656 111111
847 969112604 111111
848 974302598 111111
849 975979337 111111
850 976250125 111111
851 976334709 111111
852 976588841 111111
853 979701824 111111
854 980287178 111111
855 981396241 111111
856 981941561 111111
857 981991962 111111
858 982936069 111111
859 985281263 111111
860 985692304 111111
861 986904029 111111
862 988131173 111111
863 988388386 111111
864 988551852 111111
865 993056138 111111
866 993065333 111111
867 993831166 111111
868 993978903 111111
869 995683938 111111
870 995832423 111111
871 995954986 111111
872 996525752 111111
873 997990552 111111
874 998581814 111111
875 998589849 111111
