1 1 141592
2 821582 141592
3 1299505 141592
4 1457055 141592
5 4319139 141592
6 4472345 141592
7 4715981 141592
8 6465681 141592
9 8003276 141592
10 10976600 141592
11 11184308 141592
12 11575566 141592
13 12507149 141592
14 13158767 141592
15 14416746 141592
16 14509470 141592
17 14563274 141592
18 15000743 141592
19 16747619 141592
20 17772516 141592
21 19074287 141592
22 22333433 141592
23 22382316 141592
24 22828757 141592
25 23569923 141592
26 23944079 141592
27 25198141 141592
28 27564043 141592
29 27906179 141592
30 28625512 141592
31 32560956 141592
32 34663889 141592
33 39082411 141592
34 39531485 141592
35 40451193 141592
36 41038632 141592
37 41880251 141592
38 42471139 141592
39 42583945 141592
40 42717678 141592
41 44623002 141592
42 45646697 141592
43 45969854 141592
44 46317925 141592
45 46789618 141592
46 47054273 141592
47 47607986 141592
48 47887340 141592
49 47902262 141592
50 49249231 141592
51 50011118 141592
52 50366473 141592
53 51090229 141592
54 52472232 141592
55 53860737 141592
56 54171831 141592
57 56468426 141592
58 57530927 141592
59 61841835 141592
60 61970565 141592
61 63223154 141592
62 63795781 141592
63 64327528 141592
64 66216645 141592
65 66547479 141592
66 67248185 141592
67 67361133 141592
68 68318486 141592
69 69612547 141592
70 71526944 141592
71 74743326 141592
72 77960224 141592
73 78960426 141592
74 81407062 141592
75 83516327 141592
76 84487147 141592
77 85160592 141592
78 86389358 141592
79 87279447 141592
80 87489409 141592
81 87562907 141592
82 88044668 141592
83 88713850 141592
84 89001904 141592
85 90501549 141592
86 92088773 141592
87 92799868 141592
88 93176588 141592
89 93412790 141592
90 93678675 141592
91 93834925 141592
92 94469523 141592
93 95365821 141592
94 96486918 141592
95 97922267 141592
96 98836992 141592
97 99831223 141592
98 100484260 141592
99 102743706 141592
100 106323662 141592
101 107746269 141592
102 113767599 141592
103 114513368 141592
104 117733711 141592
105 120043727 141592
106 121338043 141592
107 121833628 141592
108 125713527 141592
109 126354977 141592
110 127546940 141592
111 127939781 141592
112 129001020 141592
113 129064135 141592
114 130388288 141592
115 130936015 141592
116 132389064 141592
117 134024066 141592
118 134709657 141592
119 135131311 141592
120 136879751 141592
121 138012984 141592
122 138059740 141592
123 139309731 141592
124 139389235 141592
125 140150467 141592
126 140437660 141592
127 141134722 141592
128 142574885 141592
129 142742741 141592
130 143169159 141592
131 143241679 141592
132 143343712 141592
133 144535661 141592
134 144913800 141592
135 144926853 141592
136 145091422 141592
137 145184517 141592
138 146739430 141592
139 147435712 141592
140 147729833 141592
141 148965002 141592
142 149015883 141592
143 150447252 141592
144 152405356 141592
145 153263158 141592
146 154100652 141592
147 155091476 141592
148 155259932 141592
149 157060183 141592
150 157108213 141592
151 159540672 141592
152 160358063 141592
153 161415854 141592
154 165190189 141592
155 165391699 141592
156 165477559 141592
157 165547761 141592
158 166883303 141592
159 167416161 141592
160 168719289 141592
161 171310736 141592
162 172377048 141592
163 173309978 141592
164 173449931 141592
165 174872608 141592
166 176330000 141592
167 176491438 141592
168 176497730 141592
169 176933264 141592
170 177439438 141592
171 177763810 141592
172 177814818 141592
173 179548268 141592
174 183331621 141592
175 184083634 141592
176 184558338 141592
177 186256357 141592
178 186256500 141592
179 186777049 141592
180 187447068 141592
181 187745127 141592
182 189532711 141592
183 190738811 141592
184 191525093 141592
185 191554250 141592
186 192552803 141592
187 194841107 141592
188 194931314 141592
189 195176124 141592
190 197821669 141592
191 198003320 141592
192 198412091 141592
193 201167332 141592
194 202186406 141592
195 202217123 141592
196 202428640 141592
197 202725893 141592
198 203137740 141592
199 203670714 141592
200 204559964 141592
201 205601628 141592
202 208384019 141592
203 208520545 141592
204 208906765 141592
205 209041344 141592
206 212588972 141592
207 212647583 141592
208 213539673 141592
209 214590076 141592
210 215729874 141592
211 218907449 141592
212 219445689 141592
213 219757194 141592
214 220839428 141592
215 221342797 141592
216 221941231 141592
217 222423273 141592
218 223103841 141592
219 225731436 141592
220 226027297 141592
221 226029298 141592
222 229646203 141592
223 230855410 141592
224 231193703 141592
225 232789132 141592
226 233084640 141592
227 233704025 141592
228 233828970 141592
229 237714963 141592
230 239350384 141592
231 239652732 141592
232 240385943 141592
233 242849721 141592
234 242858870 141592
235 244082543 141592
236 244344592 141592
237 245936266 141592
238 247003094 141592
239 247566076 141592
240 248093451 141592
241 250974221 141592
242 252808531 141592
243 252908086 141592
244 254437142 141592
245 255963855 141592
246 256652257 141592
247 257470159 141592
248 258218853 141592
249 258335859 141592
250 259563734 141592
251 259900259 141592
252 260806236 141592
253 261248036 141592
254 261946251 141592
255 265020522 141592
256 267633612 141592
257 268560114 141592
258 270560176 141592
259 276248342 141592
260 277718294 141592
261 278162774 141592
262 279293357 141592
263 280797322 141592
264 281161801 141592
265 282826804 141592
266 284286389 141592
267 285055524 141592
268 287673662 141592
269 288604770 141592
270 289362788 141592
271 289969387 141592
272 290116945 141592
273 290929438 141592
274 291185123 141592
275 291448763 141592
276 291729656 141592
277 294856667 141592
278 297081690 141592
279 298383035 141592
280 299334375 141592
281 303055108 141592
282 303595176 141592
283 303981326 141592
284 304869134 141592
285 305112253 141592
286 305409010 141592
287 305509160 141592
288 305777022 141592
289 308148759 141592
290 308326872 141592
291 309894085 141592
292 310470630 141592
293 310605855 141592
294 310755866 141592
295 313245336 141592
296 314914887 141592
297 315518444 141592
298 316171820 141592
299 317035132 141592
300 317426776 141592
301 318559129 141592
302 320078087 141592
303 321711974 141592
304 322793730 141592
305 322805192 141592
306 325899406 141592
307 326353798 141592
308 327157415 141592
309 327434563 141592
310 327663422 141592
311 327750478 141592
312 328304794 141592
313 329060643 141592
314 330720322 141592
315 330782635 141592
316 331331261 141592
317 332975556 141592
318 334418227 141592
319 334866403 141592
320 334953561 141592
321 335448348 141592
322 336973998 141592
323 337208324 141592
324 337708643 141592
325 338648884 141592
326 338949917 141592
327 339774203 141592
328 340353112 141592
329 341206965 141592
330 342174898 141592
331 342907582 141592
332 343012060 141592
333 343099049 141592
334 343201256 141592
335 343538309 141592
336 343904934 141592
337 344089958 141592
338 344480962 141592
339 345456453 141592
340 346625904 141592
341 347599437 141592
342 348010876 141592
343 348350847 141592
344 348552176 141592
345 349139320 141592
346 349717961 141592
347 349786436 141592
348 352789310 141592
349 353265068 141592
350 353414048 141592
351 353542787 141592
352 353855920 141592
353 353882121 141592
354 353980368 141592
355 355758784 141592
356 356204295 141592
357 356712199 141592
358 358012805 141592
359 359195620 141592
360 359811944 141592
361 360018705 141592
362 360415525 141592
363 360994866 141592
364 361076367 141592
365 361602547 141592
366 366284556 141592
367 368364052 141592
368 369697267 141592
369 370003674 141592
370 370813291 141592
371 372270705 141592
372 375928099 141592
373 377001691 141592
374 377488386 141592
375 377879467 141592
376 378037705 141592
377 379722623 141592
378 380984924 141592
379 381820047 141592
380 381832566 141592
381 382504283 141592
382 382573436 141592
383 383952514 141592
384 384573797 141592
385 386445893 141592
386 386579677 141592
387 387949993 141592
388 388055714 141592
389 389795200 141592
390 390456818 141592
391 390671852 141592
392 391593596 141592
393 393384458 141592
394 393999899 141592
395 395571588 141592
396 395712379 141592
397 395999083 141592
398 396632409 141592
399 397522800 141592
400 397650887 141592
401 402714727 141592
402 402730336 141592
403 402856155 141592
404 402990801 141592
405 405747243 141592
406 407476284 141592
407 408055324 141592
408 408180971 141592
409 408461164 141592
410 408521368 141592
411 408861597 141592
412 411185710 141592
413 412432265 141592
414 413287098 141592
415 413798455 141592
416 414881446 141592
417 416265222 141592
418 418190057 141592
419 420892968 141592
420 421203790 141592
421 421944604 141592
422 424032610 141592
423 425033973 141592
424 425977427 141592
425 427238911 141592
426 429003694 141592
427 429401173 141592
428 430770418 141592
429 432809747 141592
430 433087299 141592
431 433752488 141592
432 434823637 141592
433 434910190 141592
434 436773212 141592
435 436904698 141592
436 437000507 141592
437 437963198 141592
438 439171997 141592
439 445002219 141592
440 445987057 141592
441 448353269 141592
442 449537009 141592
443 450156762 141592
444 450480749 141592
445 450487479 141592
446 451841586 141592
447 453518285 141592
448 454119243 141592
449 455538577 141592
450 456092082 141592
451 456832969 141592
452 456955142 141592
453 457585216 141592
454 457860102 141592
455 459527661 141592
456 460726286 141592
457 462144768 141592
458 462785274 141592
459 463505422 141592
460 464249399 141592
461 464394573 141592
462 465299457 141592
463 466304922 141592
464 466706162 141592
465 466951288 141592
466 467628776 141592
467 468354411 141592
468 471259059 141592
469 471706471 141592
470 473688402 141592
471 475137735 141592
472 475411627 141592
473 475770429 141592
474 477904948 141592
475 479786550 141592
476 480283849 141592
477 480757263 141592
478 481745736 141592
479 482486995 141592
480 482730215 141592
481 483666259 141592
482 483802044 141592
483 484941734 141592
484 485785663 141592
485 486150415 141592
486 488254663 141592
487 488554464 141592
488 488660842 141592
489 489351933 141592
490 490566641 141592
491 490850486 141592
492 492162017 141592
493 492240454 141592
494 492293210 141592
495 492333628 141592
496 492613125 141592
497 493875637 141592
498 494357321 141592
499 494711223 141592
500 495758663 141592
501 496409995 141592
502 498367881 141592
503 499437323 141592
504 499667028 141592
505 501879206 141592
506 501966937 141592
507 502230672 141592
508 503088535 141592
509 503153209 141592
510 504439892 141592
511 505170039 141592
512 506396253 141592
513 508143463 141592
514 508150871 141592
515 508303383 141592
516 509201666 141592
517 510606311 141592
518 511301481 141592
519 512920489 141592
520 513126245 141592
521 516658603 141592
522 516868813 141592
523 519268331 141592
524 520257741 141592
525 520350447 141592
526 521943530 141592
527 522932267 141592
528 523462542 141592
529 523706978 141592
530 525083086 141592
531 526270829 141592
532 526518923 141592
533 526970487 141592
534 527585449 141592
535 529316100 141592
536 529409331 141592
537 529416629 141592
538 529839227 141592
539 531244629 141592
540 532829325 141592
541 534220855 141592
542 536201187 141592
543 536348764 141592
544 537110119 141592
545 539589716 141592
546 540819884 141592
547 541374060 141592
548 542153128 141592
549 542659617 141592
550 543434352 141592
551 544420899 141592
552 545005866 141592
553 545209150 141592
554 547333422 141592
555 548288473 141592
556 548907161 141592
557 550166723 141592
558 550211009 141592
559 550502195 141592
560 551014372 141592
561 551163461 141592
562 551397271 141592
563 551762412 141592
564 553303793 141592
565 554090601 141592
566 555435187 141592
567 557350841 141592
568 558957875 141592
569 559274829 141592
570 559797932 141592
571 560502384 141592
572 561534617 141592
573 562807917 141592
574 562870554 141592
575 563933365 141592
576 564082013 141592
577 566015601 141592
578 566723702 141592
579 567247270 141592
580 568371095 141592
581 570075340 141592
582 570434346 141592
583 571274215 141592
584 571762375 141592
585 573011192 141592
586 573199839 141592
587 576058223 141592
588 576861468 141592
589 577760924 141592
590 580848020 141592
591 581440494 141592
592 582104959 141592
593 583754042 141592
594 583888660 141592
595 583999766 141592
596 584374083 141592
597 584894787 141592
598 585158110 141592
599 587022804 141592
600 587092650 141592
601 588379346 141592
602 588799512 141592
603 590675419 141592
604 592081574 141592
605 594633208 141592
606 594899939 141592
607 595222599 141592
608 599701622 141592
609 600487836 141592
610 600581946 141592
611 602187886 141592
612 602944894 141592
613 603134678 141592
614 606820400 141592
615 607014014 141592
616 607336171 141592
617 607679705 141592
618 608188218 141592
619 608387673 141592
620 610179836 141592
621 611520828 141592
622 611565570 141592
623 611892558 141592
624 612196109 141592
625 613267493 141592
626 616647302 141592
627 619538120 141592
628 620425760 141592
629 620488821 141592
630 621024200 141592
631 621879311 141592
632 625780296 141592
633 627647413 141592
634 629418111 141592
635 629916209 141592
636 630104520 141592
637 630199814 141592
638 631434679 141592
639 633416227 141592
640 634233799 141592
641 634886528 141592
642 635164094 141592
643 635221356 141592
644 638606430 141592
645 641342299 141592
646 641408620 141592
647 641550085 141592
648 642091035 141592
649 643178381 141592
650 643855502 141592
651 643965849 141592
652 644413452 141592
653 644967974 141592
654 646852476 141592
655 650015721 141592
656 650433004 141592
657 651493182 141592
658 652274236 141592
659 652996522 141592
660 654266095 141592
661 654509699 141592
662 657176792 141592
663 657852751 141592
664 658117753 141592
665 658454631 141592
666 658559235 141592
667 659728339 141592
668 660373431 141592
669 661006070 141592
670 662173914 141592
671 662300712 141592
672 662847256 141592
673 662885168 141592
674 663151821 141592
675 663704409 141592
676 664253651 141592
677 664388784 141592
678 664499543 141592
679 664801401 141592
680 666264814 141592
681 667797380 141592
682 669658003 141592
683 671188700 141592
684 671551562 141592
685 673698036 141592
686 674255861 141592
687 674434558 141592
688 675898538 141592
689 678096434 141592
690 678163172 141592
691 678969382 141592
692 679561765 141592
693 680401100 141592
694 682820082 141592
695 683050101 141592
696 684218341 141592
697 684577611 141592
698 684788127 141592
699 685272307 141592
700 687500897 141592
701 687753800 141592
702 688664311 141592
703 690063776 141592
704 690459549 141592
705 693270056 141592
706 695167187 141592
707 696150311 141592
708 696571735 141592
709 697129066 141592
710 699414547 141592
711 700840934 141592
712 701260504 141592
713 703565495 141592
714 703895818 141592
715 703936907 141592
716 704065758 141592
717 704656710 141592
718 704866428 141592
719 705313759 141592
720 707318066 141592
721 707697836 141592
722 707905951 141592
723 708386916 141592
724 710454169 141592
725 712642349 141592
726 712657369 141592
727 713638446 141592
728 715352713 141592
729 716554081 141592
730 717016922 141592
731 718708566 141592
732 719096866 141592
733 719959924 141592
734 720573727 141592
735 720913044 141592
736 722212233 141592
737 722213068 141592
738 723437187 141592
739 728116720 141592
740 728372148 141592
741 729269756 141592
742 730395865 141592
743 731166725 141592
744 731896645 141592
745 732784711 141592
746 735112368 141592
747 737397845 141592
748 737521201 141592
749 739714155 141592
750 739963801 141592
751 740777368 141592
752 741226827 141592
753 741745643 141592
754 742197005 141592
755 743616683 141592
756 743768658 141592
757 744286375 141592
758 745173937 141592
759 748118937 141592
760 748692784 141592
761 749102354 141592
762 749323086 141592
763 751101287 141592
764 752811058 141592
765 753763689 141592
766 754278738 141592
767 754410361 141592
768 754592387 141592
769 755333269 141592
770 759018261 141592
771 759799740 141592
772 760766027 141592
773 761571792 141592
774 761934130 141592
775 761935770 141592
776 762069363 141592
777 763648645 141592
778 764309682 141592
779 765358967 141592
780 765783262 141592
781 765810218 141592
782 768221832 141592
783 771918250 141592
784 773107137 141592
785 773903909 141592
786 773906587 141592
787 774455594 141592
788 774656008 141592
789 775028552 141592
790 778944402 141592
791 781159242 141592
792 781492145 141592
793 781662441 141592
794 782305574 141592
795 783218395 141592
796 783773278 141592
797 785549494 141592
798 786763823 141592
799 786855718 141592
800 789675525 141592
801 790116242 141592
802 790678346 141592
803 790932050 141592
804 792234412 141592
805 792304476 141592
806 795898292 141592
807 796042999 141592
808 796098648 141592
809 797949246 141592
810 800865308 141592
811 801122371 141592
812 801397588 141592
813 801526454 141592
814 802225157 141592
815 802606588 141592
816 802621874 141592
817 804310982 141592
818 806033019 141592
819 806735783 141592
820 808706256 141592
821 809249506 141592
822 809869494 141592
823 812326460 141592
824 812693023 141592
825 813541890 141592
826 814856238 141592
827 815148592 141592
828 816072674 141592
829 816657534 141592
830 818209418 141592
831 819628060 141592
832 820104805 141592
833 820282809 141592
834 820457251 141592
835 823557005 141592
836 824115599 141592
837 825833179 141592
838 826012509 141592
839 826308292 141592
840 826824639 141592
841 827858859 141592
842 831595248 141592
843 831987940 141592
844 832834712 141592
845 832845758 141592
846 832976904 141592
847 835081526 141592
848 843382839 141592
849 845383187 141592
850 847453154 141592
851 847744484 141592
852 849622789 141592
853 849899964 141592
854 850789128 141592
855 854015205 141592
856 855062074 141592
857 855064962 141592
858 855284551 141592
859 856401847 141592
860 857227089 141592
861 857450158 141592
862 858822165 141592
863 859082179 141592
864 860758719 141592
865 860925657 141592
866 860989349 141592
867 861587648 141592
868 862140065 141592
869 862390238 141592
870 863205857 141592
871 864032389 141592
872 864398582 141592
873 864630352 141592
874 866758602 141592
875 867063974 141592
876 867313241 141592
877 867403163 141592
878 868132331 141592
879 868789268 141592
880 868966028 141592
881 870826689 141592
882 872331959 141592
883 872919526 141592
884 873146916 141592
885 873881780 141592
886 874333074 141592
887 875424118 141592
888 875905842 141592
889 875996729 141592
890 878441545 141592
891 880776249 141592
892 884202403 141592
893 884313864 141592
894 884919914 141592
895 884968010 141592
896 887163152 141592
897 887419700 141592
898 887789511 141592
899 889222017 141592
900 889661006 141592
901 891024086 141592
902 891112460 141592
903 891154873 141592
904 891216881 141592
905 892267371 141592
906 894176823 141592
907 894337111 141592
908 894608117 141592
909 895048420 141592
910 895613004 141592
911 896306631 141592
912 896871784 141592
913 897130759 141592
914 897173376 141592
915 897698664 141592
916 897770305 141592
917 898622574 141592
918 899556605 141592
919 899990204 141592
920 901029753 141592
921 904637120 141592
922 904961771 141592
923 905512978 141592
924 906492413 141592
925 906566017 141592
926 910776149 141592
927 911444098 141592
928 912395355 141592
929 912476193 141592
930 912541613 141592
931 912727714 141592
932 913726958 141592
933 914247719 141592
934 915540581 141592
935 917294089 141592
936 917585175 141592
937 917749863 141592
938 918215082 141592
939 918462572 141592
940 919464046 141592
941 919898916 141592
942 921066794 141592
943 922024464 141592
944 924760002 141592
945 925453563 141592
946 925802223 141592
947 926036760 141592
948 926889635 141592
949 927433050 141592
950 928247716 141592
951 930091876 141592
952 930300685 141592
953 930400290 141592
954 931033933 141592
955 931433834 141592
956 932019252 141592
957 933931339 141592
958 934448899 141592
959 934679052 141592
960 935390867 141592
961 938781135 141592
962 940066169 141592
963 941862440 141592
964 944989775 141592
965 945597658 141592
966 946335043 141592
967 946507895 141592
968 947863313 141592
969 948406119 141592
970 949694871 141592
971 951054097 141592
972 951358790 141592
973 951556022 141592
974 953671227 141592
975 954511085 141592
976 961915430 141592
977 962684446 141592
978 962871922 141592
979 963910906 141592
980 964176806 141592
981 964691149 141592
982 965066826 141592
983 966821147 141592
984 967385332 141592
985 967929175 141592
986 968200667 141592
987 970020498 141592
988 970121618 141592
989 971337424 141592
990 974450372 141592
991 974573054 141592
992 977035232 141592
993 978811245 141592
994 981641127 141592
995 981718304 141592
996 983191229 141592
997 983334360 141592
998 984999055 141592
999 986820178 141592
1000 986859307 141592
1001 987001505 141592
1002 987276003 141592
1003 988440189 141592
1004 988736389 141592
1005 991085912 141592
1006 992081281 141592
1007 992107587 141592
1008 996398954 141592
1009 998046244 141592
1010 999733888 141592
